
5671459930
1406041786
7929942535
7373020313
5915744575
7036287166
388178873
5405834251
7294474874
1766583865
6309570562
1683457479
6128169772
868945656
6599342715
7105097543
5378988267
5901517565
7175553590
6315263652
8160125454
6313319646
1287227726
1957364605
6562503006
6593700153
6896244310
6354601621
6628444140
308197104
1695442219
7858412463
7044207807
383885040
6591593205
6859049406
6505283069
5639495709
1800715107
7170173982
6482692750
5467760959
2025530215
5511396865
1503293082
1538291041
7071257915
6610109578
7739886993
608345448
6171215588
6225802274
7436410539
620426160
6554618113
7922457888
5790017202
5581861939
1172380216
5948671466
7024304008
6779596953
6619589288
6483714268
6197840857
6126492289
1255813686
6349518479
6656631132
7394802993
2129156098
1682824303
1470139302
1057283876
6409766208
5436781139
7328190964
1881700809
6725765462
6799466688
5780586296
6699851246
6458096284
8041161412
5719769175
6483597633
6984809973
7225869032
6585968378
819526508
7241420193
6673670434
6446011715
2001078832
2127598419
1142455244
5726491314
5355465054
5590183125
7503215633
537849790
6686869209
7319958913
1210396795
5051083736
6370914159
6394084482
1143025583
6331658938
1600660256
6739996824
7988708567
5131239868
7477558117
6625790137
7116056939
6411184069
6370318938
64699849
825214950
66899201
1312232673
6843492840