
5948671466
6733622855
7024304008
6779596953
6619589288
6483714268
6197840857
6126492289
1255813686
6349518479
6656631132
2129156098
1682824303
1470139302
1057283876
6409766208
5436781139
7328190964
7394802993
6725765462
6799466688
5780586296
6699851246
6458096284
8041161412
5719769175
6483597633
6984809973
7225869032
6585968378
819526508
7241420193
6673670434
6446011715
2127598419
1142455244
5726491314
5355465054
5590183125
7503215633
537849790
6686869209
7319958913
1210396795
5051083736
6370914159
6394084482
1143025583
6331658938
1600660256
6739996824
7988708567
5131239868
7477558117
6625790137
7116056939
8160125454
6411184069
6505283069
6370318938
64699849
825214950
66899201
1312232673
6843492840