
7399519836
7497697135
6722303507
6348964577
6513850854
6286876477
6812328690
1958761708
1447688865
7375925902
1048267085
6796002816
5379347037
7353221379
1033855446
5413098496
8004822929
5546570369
610020296
1489541947
7155525038
5911618489
7477725932
7768464788
6138278008
5366508063
6621456731
7082288828
6879542436
5880405841
5566147454
6335636969
6488101344
6433473018
1470393485
6321316684
6952816852
7113664798
7203992968
7502441802
6897230018
6419441721
7972418962
5582715513
7154876654
6986533319
6625157555
7335990902
6699545998
6004623144
6436447709
6486591497
2125829357
7607676126
6836354155
7431199499
7825325670
5719767230
6450874138
6588762311
5590675386
7274090943
5349060471
973542603
7860272921
7561056920
6972295573
6249561890
1475043807
6710043404
6522193089
6873614600
5585996265
6266746369
7044689454
6794747723
5948960634
6955924055
7929330228
6216202420
993936833
6304442600
2066452681
7154093765
7703132049
5231762163
5935751103
8095398209
5268824004
7852925769
6846298515
6001466941
6517677947
1943245123
7398304850
7139578274
6971235806
7155650213
2072371657
7851044565
6510756460
6080169542
5610362698
7461041675
415415419
6831114720
6388681153
5322257298
6697822533
6418707834
6921779520
6150179608
7401493914
7846050668
6737004753
6811880190
7023951460
7280359012
7536091021
6036935566
7539591056
7287153571
2059459168
6421251288
6681927730
5452041722
5059872991
1470192376
386843601
8192446859
5781979715
5093032837
5929368393
6817413312
545238818
6188200019
6048526620
7936355684
7491761763
6719454192
461333682
7072325624
1464048572
7114743422
6055862086
6405300611
7599960198
1279783609
6703222018
6037744669
6114346788
7261077228
5324973776
6946763838
6378637415
7170291774
7846704028
8168109086
5762725077
6832255609
7261629853
7044302218
6220414224
7746920392
7013927080
6066870194
6562564582
910607834
7539709024
5990833881
6288812834
6584158157
5162005771
7455136693
7206292345
6374455117
7518781123
8067850252
7055791270
7920196497
1642026269
8111729891
7717866795
7103599570
6729601482
193882144
6409837937
7092384661